-1000 7
-999 7
-998 1
-997 3
-996 3
-995 9
-994 7
-993 9
-992 8
-991 5
-990 7
-989 9
-988 1
-987 7
-986 2
-985 5
-984 5
-983 8
-982 3
-981 7
-980 9
-979 7
-978 5
-977 9
-976 3
-975 4
-974 5
-973 4
-972 5
-971 7
-970 8
-969 3
-968 5
-967 3
-966 5
-965 2
-964 5
-963 5
-962 4
-961 3
-960 7
-959 5
-958 2
-957 1
-956 5
-955 3
-954 1
-953 3
-952 8
-951 2
-950 7
-949 8
-948 2
-947 5
-946 2
-945 9
-944 3
-943 4
-942 1
-941 2
-940 6
-939 3
-938 6
-937 7
-936 1
-935 6
-934 1
-933 4
-932 7
-931 6
-930 5
-929 4
-928 7
-927 1
-926 1
-925 8
-924 5
-923 4
-922 9
-921 3
-920 7
-919 4
-918 2
-917 9
-916 9
-915 2
-914 7
-913 6
-912 9
-911 4
-910 2
-909 7
-908 9
-907 7
-906 3
-905 5
-904 9
-903 8
-902 8
-901 5
-900 2
-899 5
-898 9
-897 6
-896 2
-895 2
-894 5
-893 2
-892 4
-891 3
-890 7
-889 3
-888 7
-887 1
-886 2
-885 1
-884 2
-883 7
-882 5
-881 8
-880 9
-879 8
-878 1
-877 4
-876 3
-875 1
-874 6
-873 9
-872 1
-871 9
-870 8
-869 7
-868 6
-867 8
-866 4
-865 3
-864 4
-863 9
-862 1
-861 3
-860 1
-859 9
-858 5
-857 4
-856 6
-855 5
-854 7
-853 3
-852 1
-851 3
-850 4
-849 6
-848 8
-847 6
-846 7
-845 8
-844 4
-843 3
-842 9
-841 4
-840 5
-839 2
-838 9
-837 4
-836 8
-835 7
-834 6
-833 7
-832 2
-831 5
-830 4
-829 4
-828 5
-827 3
-826 6
-825 7
-824 2
-823 6
-822 5
-821 6
-820 7
-819 2
-818 1
-817 4
-816 4
-815 4
-814 5
-813 5
-812 1
-811 3
-810 7
-809 4
-808 5
-807 5
-806 8
-805 5
-804 4
-803 6
-802 6
-801 6
-800 4
-799 9
-798 8
-797 8
-796 8
-795 6
-794 9
-793 7
-792 6
-791 5
-790 8
-789 4
-788 1
-787 3
-786 5
-785 2
-784 6
-783 7
-782 5
-781 4
-780 6
-779 8
-778 4
-777 2
-776 8
-775 2
-774 3
-773 6
-772 8
-771 8
-770 4
-769 3
-768 4
-767 4
-766 2
-765 5
-764 2
-763 8
-762 5
-761 4
-760 7
-759 2
-758 1
-757 3
-756 1
-755 5
-754 8
-753 6
-752 9
-751 3
-750 6
-749 9
-748 3
-747 1
-746 7
-745 9
-744 1
-743 5
-742 1
-741 6
-740 3
-739 3
-738 5
-737 9
-736 9
-735 9
-734 7
-733 1
-732 1
-731 3
-730 3
-729 4
-728 1
-727 4
-726 7
-725 5
-724 3
-723 2
-722 8
-721 2
-720 9
-719 2
-718 9
-717 5
-716 5
-715 9
-714 7
-713 6
-712 5
-711 2
-710 9
-709 6
-708 5
-707 6
-706 8
-705 1
-704 4
-703 7
-702 2
-701 3
-700 4
-699 7
-698 1
-697 3
-696 2
-695 5
-694 4
-693 7
-692 4
-691 4
-690 4
-689 2
-688 3
-687 7
-686 1
-685 6
-684 8
-683 5
-682 9
-681 5
-680 3
-679 4
-678 3
-677 2
-676 4
-675 4
-674 4
-673 2
-672 1
-671 4
-670 8
-669 2
-668 3
-667 6
-666 1
-665 5
-664 8
-663 8
-662 9
-661 6
-660 3
-659 6
-658 5
-657 1
-656 8
-655 6
-654 5
-653 4
-652 8
-651 3
-650 7
-649 4
-648 7
-647 6
-646 5
-645 6
-644 2
-643 9
-642 6
-641 4
-640 6
-639 4
-638 2
-637 8
-636 7
-635 9
-634 6
-633 7
-632 5
-631 3
-630 6
-629 6
-628 8
-627 7
-626 5
-625 1
-624 5
-623 8
-622 3
-621 9
-620 4
-619 9
-618 4
-617 7
-616 4
-615 2
-614 5
-613 3
-612 3
-611 7
-610 5
-609 2
-608 4
-607 8
-606 8
-605 1
-604 3
-603 4
-602 4
-601 9
-600 8
-599 4
-598 2
-597 5
-596 3
-595 8
-594 2
-593 1
-592 9
-591 5
-590 7
-589 1
-588 7
-587 6
-586 5
-585 2
-584 3
-583 5
-582 1
-581 7
-580 9
-579 2
-578 2
-577 8
-576 9
-575 7
-574 8
-573 8
-572 2
-571 1
-570 4
-569 4
-568 1
-567 1
-566 5
-565 1
-564 5
-563 5
-562 8
-561 9
-560 7
-559 8
-558 7
-557 1
-556 6
-555 9
-554 7
-553 7
-552 9
-551 4
-550 8
-549 4
-548 8
-547 5
-546 1
-545 7
-544 6
-543 9
-542 7
-541 9
-540 6
-539 1
-538 3
-537 3
-536 6
-535 7
-534 5
-533 7
-532 5
-531 5
-530 7
-529 4
-528 7
-527 1
-526 9
-525 2
-524 5
-523 7
-522 6
-521 1
-520 1
-519 4
-518 8
-517 9
-516 6
-515 6
-514 3
-513 8
-512 4
-511 8
-510 1
-509 4
-508 8
-507 6
-506 8
-505 8
-504 2
-503 6
-502 1
-501 7
-500 4
-499 5
-498 3
-497 5
-496 8
-495 1
-494 3
-493 5
-492 7
-491 7
-490 8
-489 4
-488 8
-487 4
-486 2
-485 8
-484 9
-483 4
-482 3
-481 9
-480 1
-479 3
-478 1
-477 1
-476 2
-475 5
-474 8
-473 2
-472 3
-471 4
-470 6
-469 2
-468 7
-467 5
-466 7
-465 3
-464 4
-463 3
-462 6
-461 9
-460 2
-459 5
-458 5
-457 7
-456 7
-455 1
-454 1
-453 3
-452 1
-451 1
-450 6
-449 8
-448 9
-447 1
-446 1
-445 6
-444 8
-443 4
-442 8
-441 9
-440 2
-439 5
-438 2
-437 2
-436 4
-435 7
-434 5
-433 9
-432 3
-431 9
-430 1
-429 1
-428 9
-427 4
-426 6
-425 3
-424 9
-423 4
-422 6
-421 3
-420 9
-419 8
-418 8
-417 1
-416 9
-415 5
-414 1
-413 9
-412 6
-411 8
-410 2
-409 9
-408 3
-407 9
-406 9
-405 9
-404 7
-403 1
-402 6
-401 5
-400 2
-399 3
-398 1
-397 9
-396 4
-395 7
-394 5
-393 5
-392 7
-391 9
-390 9
-389 8
-388 3
-387 9
-386 6
-385 4
-384 6
-383 5
-382 6
-381 6
-380 2
-379 1
-378 6
-377 6
-376 7
-375 7
-374 8
-373 3
-372 9
-371 5
-370 3
-369 3
-368 9
-367 8
-366 1
-365 4
-364 4
-363 8
-362 4
-361 8
-360 2
-359 8
-358 7
-357 7
-356 8
-355 5
-354 3
-353 1
-352 7
-351 6
-350 7
-349 9
-348 6
-347 7
-346 2
-345 2
-344 9
-343 9
-342 2
-341 5
-340 4
-339 1
-338 7
-337 6
-336 8
-335 6
-334 5
-333 5
-332 7
-331 6
-330 6
-329 8
-328 9
-327 6
-326 3
-325 2
-324 6
-323 7
-322 8
-321 4
-320 7
-319 4
-318 4
-317 3
-316 4
-315 8
-314 5
-313 8
-312 7
-311 1
-310 5
-309 3
-308 3
-307 4
-306 4
-305 2
-304 7
-303 5
-302 4
-301 2
-300 8
-299 4
-298 9
-297 8
-296 6
-295 9
-294 5
-293 4
-292 8
-291 4
-290 1
-289 6
-288 2
-287 8
-286 5
-285 3
-284 8
-283 3
-282 1
-281 8
-280 4
-279 2
-278 6
-277 2
-276 4
-275 3
-274 4
-273 8
-272 3
-271 2
-270 8
-269 1
-268 8
-267 5
-266 9
-265 4
-264 8
-263 5
-262 8
-261 4
-260 6
-259 4
-258 3
-257 9
-256 8
-255 4
-254 8
-253 1
-252 3
-251 9
-250 5
-249 3
-248 2
-247 1
-246 8
-245 5
-244 8
-243 2
-242 8
-241 7
-240 8
-239 6
-238 9
-237 3
-236 4
-235 2
-234 3
-233 7
-232 8
-231 4
-230 4
-229 5
-228 3
-227 9
-226 3
-225 3
-224 3
-223 8
-222 3
-221 6
-220 4
-219 9
-218 1
-217 4
-216 3
-215 2
-214 1
-213 9
-212 9
-211 8
-210 4
-209 4
-208 2
-207 3
-206 6
-205 4
-204 4
-203 2
-202 1
-201 2
-200 3
-199 1
-198 6
-197 1
-196 7
-195 4
-194 2
-193 7
-192 2
-191 5
-190 8
-189 2
-188 2
-187 5
-186 6
-185 1
-184 5
-183 7
-182 8
-181 2
-180 5
-179 2
-178 1
-177 4
-176 4
-175 5
-174 4
-173 2
-172 3
-171 7
-170 8
-169 6
-168 6
-167 4
-166 1
-165 3
-164 6
-163 8
-162 2
-161 6
-160 5
-159 7
-158 6
-157 9
-156 2
-155 9
-154 1
-153 5
-152 2
-151 9
-150 5
-149 2
-148 5
-147 3
-146 1
-145 1
-144 6
-143 5
-142 5
-141 8
-140 6
-139 3
-138 6
-137 2
-136 8
-135 4
-134 5
-133 9
-132 4
-131 3
-130 3
-129 5
-128 3
-127 7
-126 5
-125 6
-124 3
-123 6
-122 2
-121 4
-120 7
-119 6
-118 1
-117 8
-116 7
-115 8
-114 4
-113 1
-112 5
-111 9
-110 9
-109 7
-108 9
-107 1
-106 3
-105 4
-104 3
-103 4
-102 9
-101 1
-100 1
-99 8
-98 7
-97 2
-96 9
-95 6
-94 4
-93 7
-92 4
-91 4
-90 3
-89 5
-88 7
-87 2
-86 9
-85 3
-84 8
-83 3
-82 5
-81 1
-80 6
-79 7
-78 7
-77 9
-76 3
-75 2
-74 5
-73 1
-72 3
-71 9
-70 6
-69 6
-68 7
-67 8
-66 1
-65 7
-64 3
-63 9
-62 6
-61 5
-60 3
-59 7
-58 3
-57 1
-56 8
-55 9
-54 9
-53 1
-52 4
-51 2
-50 7
-49 6
-48 2
-47 8
-46 1
-45 6
-44 1
-43 4
-42 5
-41 2
-40 6
-39 6
-38 2
-37 4
-36 7
-35 8
-34 6
-33 7
-32 2
-31 5
-30 6
-29 2
-28 5
-27 7
-26 7
-25 6
-24 7
-23 5
-22 9
-21 4
-20 1
-19 1
-18 7
-17 4
-16 9
-15 4
-14 8
-13 4
-12 5
-11 4
-10 1
-9 6
-8 6
-7 3
-6 9
-5 1
-4 1
-3 5
-2 4
-1 1
0 1
1 2
2 6
3 8
4 9
5 6
6 6
7 4
8 7
9 1
10 9
11 2
12 4
13 6
14 6
15 1
16 5
17 7
18 1
19 1
20 6
21 6
22 1
23 6
24 4
25 9
26 4
27 9
28 6
29 7
30 8
31 2
32 9
33 8
34 2
35 3
36 1
37 3
38 9
39 2
40 2
41 1
42 7
43 1
44 6
45 5
46 5
47 9
48 5
49 6
50 9
51 2
52 6
53 5
54 8
55 6
56 2
57 7
58 6
59 6
60 7
61 9
62 5
63 8
64 3
65 2
66 8
67 9
68 4
69 7
70 9
71 6
72 2
73 8
74 5
75 8
76 1
77 8
78 6
79 8
80 4
81 8
82 2
83 2
84 3
85 1
86 4
87 3
88 7
89 2
90 4
91 5
92 7
93 9
94 9
95 6
96 8
97 7
98 3
99 7
100 6
101 1
102 6
103 6
104 4
105 2
106 2
107 5
108 7
109 7
110 4
111 7
112 9
113 2
114 2
115 8
116 1
117 7
118 8
119 6
120 3
121 7
122 9
123 6
124 2
125 5
126 8
127 1
128 4
129 7
130 8
131 1
132 9
133 4
134 3
135 7
136 7
137 4
138 1
139 1
140 7
141 1
142 8
143 8
144 3
145 1
146 2
147 9
148 5
149 9
150 9
151 8
152 8
153 2
154 8
155 9
156 4
157 7
158 3
159 6
160 9
161 8
162 6
163 2
164 3
165 6
166 3
167 4
168 4
169 7
170 4
171 6
172 9
173 4
174 8
175 2
176 7
177 2
178 5
179 8
180 7
181 9
182 9
183 1
184 3
185 7
186 4
187 6
188 5
189 4
190 7
191 7
192 3
193 5
194 1
195 8
196 6
197 7
198 4
199 4
200 7
201 6
202 3
203 9
204 6
205 7
206 9
207 1
208 4
209 1
210 1
211 4
212 5
213 8
214 9
215 4
216 6
217 6
218 9
219 3
220 3
221 3
222 8
223 4
224 4
225 3
226 9
227 4
228 9
229 6
230 3
231 6
232 6
233 1
234 4
235 2
236 3
237 3
238 6
239 7
240 4
241 7
242 9
243 2
244 4
245 8
246 1
247 2
248 4
249 8
250 4
251 2
252 9
253 6
254 2
255 3
256 1
257 7
258 2
259 3
260 4
261 1
262 4
263 3
264 7
265 2
266 2
267 3
268 6
269 2
270 9
271 4
272 3
273 4
274 3
275 5
276 4
277 5
278 4
279 3
280 2
281 7
282 5
283 2
284 2
285 1
286 1
287 5
288 4
289 2
290 5
291 5
292 6
293 1
294 4
295 9
296 5
297 2
298 6
299 6
300 4
301 9
302 7
303 5
304 1
305 2
306 3
307 6
308 7
309 2
310 8
311 3
312 9
313 6
314 4
315 4
316 2
317 8
318 3
319 9
320 7
321 8
322 8
323 5
324 5
325 5
326 9
327 2
328 8
329 1
330 9
331 1
332 8
333 6
334 5
335 8
336 5
337 8
338 2
339 5
340 4
341 1
342 9
343 2
344 8
345 4
346 5
347 7
348 1
349 5
350 8
351 6
352 1
353 6
354 1
355 6
356 9
357 9
358 8
359 3
360 6
361 7
362 6
363 2
364 1
365 7
366 8
367 8
368 3
369 3
370 3
371 1
372 4
373 4
374 4
375 4
376 8
377 2
378 7
379 6
380 2
381 1
382 6
383 1
384 3
385 1
386 8
387 7
388 1
389 6
390 2
391 8
392 8
393 4
394 4
395 1
396 1
397 3
398 2
399 5
400 2
401 3
402 7
403 3
404 7
405 9
406 8
407 6
408 8
409 1
410 1
411 4
412 9
413 2
414 7
415 7
416 3
417 8
418 2
419 6
420 1
421 7
422 9
423 4
424 1
425 2
426 1
427 7
428 2
429 3
430 8
431 6
432 1
433 8
434 9
435 3
436 5
437 7
438 6
439 2
440 8
441 8
442 4
443 6
444 2
445 5
446 5
447 4
448 7
449 1
450 4
451 2
452 8
453 9
454 5
455 8
456 8
457 7
458 2
459 3
460 9
461 9
462 4
463 4
464 4
465 7
466 2
467 2
468 9
469 1
470 2
471 8
472 3
473 2
474 8
475 6
476 1
477 2
478 2
479 8
480 9
481 2
482 1
483 1
484 9
485 7
486 3
487 4
488 6
489 4
490 5
491 4
492 8
493 8
494 8
495 7
496 3
497 7
498 5
499 2
500 5
501 2
502 4
503 3
504 8
505 9
506 9
507 2
508 2
509 9
510 9
511 2
512 7
513 8
514 4
515 9
516 9
517 8
518 7
519 7
520 8
521 3
522 5
523 4
524 1
525 4
526 1
527 2
528 2
529 2
530 4
531 8
532 1
533 5
534 3
535 3
536 2
537 3
538 6
539 2
540 4
541 4
542 4
543 3
544 6
545 8
546 5
547 3
548 7
549 1
550 3
551 7
552 4
553 2
554 4
555 8
556 9
557 9
558 8
559 9
560 9
561 2
562 3
563 2
564 1
565 8
566 9
567 3
568 7
569 9
570 2
571 2
572 6
573 9
574 4
575 2
576 6
577 8
578 8
579 4
580 4
581 4
582 2
583 9
584 7
585 9
586 2
587 8
588 1
589 4
590 2
591 4
592 5
593 1
594 1
595 3
596 2
597 3
598 3
599 2
600 7
601 3
602 2
603 1
604 8
605 2
606 8
607 4
608 3
609 6
610 1
611 4
612 2
613 1
614 8
615 8
616 8
617 3
618 2
619 8
620 3
621 6
622 6
623 1
624 5
625 7
626 9
627 8
628 6
629 6
630 6
631 3
632 8
633 5
634 3
635 7
636 7
637 2
638 5
639 4
640 5
641 2
642 9
643 1
644 9
645 6
646 6
647 4
648 3
649 1
650 5
651 2
652 3
653 1
654 2
655 1
656 9
657 8
658 5
659 4
660 3
661 5
662 2
663 7
664 3
665 6
666 4
667 4
668 6
669 8
670 7
671 1
672 5
673 8
674 3
675 7
676 3
677 9
678 5
679 9
680 2
681 6
682 3
683 9
684 7
685 8
686 6
687 3
688 7
689 9
690 3
691 3
692 8
693 6
694 4
695 1
696 6
697 4
698 5
699 1
700 3
701 7
702 8
703 1
704 4
705 8
706 5
707 2
708 5
709 8
710 9
711 9
712 4
713 4
714 9
715 3
716 9
717 8
718 1
719 6
720 2
721 1
722 4
723 1
724 6
725 6
726 4
727 2
728 8
729 7
730 5
731 9
732 9
733 7
734 8
735 6
736 4
737 4
738 6
739 5
740 7
741 8
742 8
743 4
744 3
745 8
746 1
747 9
748 3
749 7
750 5
751 2
752 9
753 8
754 9
755 9
756 1
757 6
758 7
759 1
760 3
761 6
762 3
763 9
764 5
765 1
766 2
767 7
768 6
769 1
770 7
771 2
772 3
773 9
774 4
775 7
776 8
777 8
778 5
779 9
780 4
781 7
782 4
783 8
784 7
785 8
786 5
787 1
788 1
789 9
790 1
791 3
792 2
793 6
794 6
795 1
796 9
797 4
798 1
799 6
800 9
801 2
802 6
803 4
804 6
805 1
806 6
807 9
808 7
809 9
810 4
811 3
812 2
813 8
814 9
815 8
816 6
817 7
818 4
819 4
820 8
821 5
822 2
823 8
824 2
825 4
826 7
827 5
828 1
829 3
830 7
831 3
832 5
833 3
834 8
835 7
836 2
837 9
838 2
839 5
840 5
841 8
842 3
843 2
844 1
845 7
846 7
847 3
848 8
849 2
850 3
851 8
852 1
853 2
854 9
855 9
856 9
857 8
858 6
859 5
860 8
861 4
862 6
863 6
864 2
865 6
866 7
867 9
868 4
869 5
870 2
871 3
872 8
873 2
874 4
875 2
876 5
877 7
878 3
879 6
880 8
881 1
882 4
883 3
884 5
885 3
886 7
887 6
888 1
889 3
890 1
891 4
892 1
893 5
894 9
895 7
896 1
897 8
898 9
899 2
900 4
901 9
902 9
903 5
904 9
905 6
906 8
907 5
908 8
909 8
910 9
911 3
912 9
913 9
914 7
915 4
916 9
917 9
918 2
919 4
920 2
921 9
922 1
923 1
924 4
925 4
926 8
927 3
928 4
929 8
930 6
931 9
932 2
933 1
934 4
935 2
936 3
937 7
938 5
939 3
940 2
941 8
942 1
943 3
944 5
945 4
946 2
947 8
948 5
949 6
950 5
951 7
952 5
953 8
954 5
955 3
956 2
957 1
958 4
959 2
960 2
961 4
962 6
963 6
964 2
965 7
966 9
967 8
968 8
969 9
970 6
971 1
972 5
973 2
974 6
975 9
976 8
977 5
978 4
979 6
980 1
981 7
982 6
983 3
984 6
985 6
986 6
987 2
988 3
989 9
990 9
991 3
992 8
993 9
994 7
995 5
996 9
997 7
998 4
999 5
q
