-10 3
-9 1
-8 4
-7 2
-6 1
-5 8
-4 2
-3 8
-2 9
-1 6
0 7
1 1
2 1
3 8
4 8
5 9
6 3
7 2
8 9
9 8
10 4
11 8
12 9
13 8
14 3
15 1
16 9
17 5
18 2
19 4
20 4
21 6
22 8
23 6
24 8
25 4
26 4
27 6
28 2
29 2
30 3
31 5
32 9
33 7
34 9
35 5
36 2
37 7
38 3
39 1
40 2
41 4
42 6
43 8
44 7
45 8
46 8
47 2
48 2
49 5
50 1
51 6
52 3
53 4
54 7
55 7
56 5
57 4
58 3
59 8
60 9
61 1
62 9
63 5
64 4
65 8
66 3
67 5
68 9
69 5
70 8
71 4
72 1
73 7
74 3
75 1
76 8
77 9
78 6
79 4
80 9
81 2
82 1
83 6
84 2
85 9
86 5
87 3
88 5
89 2
90 2
91 6
92 1
93 4
94 1
95 5
96 5
97 4
98 2
99 8
q
